Far field
"Plane Wave Phi"[deg]	"Magnitude [dBV]"	"Phase [deg]"	
0.00000000E+00	-1.10244127E+02	1.38538927E+02	
1.00000000E+00	-1.08142344E+02	-1.38829459E+02	
2.00000000E+00	-1.08803120E+02	-6.32647152E+01	
3.00000000E+00	-1.11684062E+02	2.76751967E+01	
4.00000000E+00	-1.11132123E+02	1.37006965E+02	
5.00000000E+00	-1.08891391E+02	-1.38692423E+02	
6.00000000E+00	-1.09135939E+02	-6.37572618E+01	
7.00000000E+00	-1.10893584E+02	2.36333518E+01	
8.00000000E+00	-1.10437905E+02	1.27539589E+02	
9.00000000E+00	-1.07846715E+02	-1.45665221E+02	
1.00000000E+01	-1.07196955E+02	-6.97206389E+01	
1.10000000E+01	-1.08818923E+02	1.08916030E+01	
1.20000000E+01	-1.10529764E+02	1.13324914E+02	
1.30000000E+01	-1.08691047E+02	-1.48106709E+02	
1.40000000E+01	-1.07866597E+02	-6.94570035E+01	
1.50000000E+01	-1.09510737E+02	7.30665599E+00	
1.60000000E+01	-1.12908605E+02	9.76705087E+01	
1.70000000E+01	-1.13429302E+02	-1.65002704E+02	
1.80000000E+01	-1.13651087E+02	-9.25649247E+01	
1.90000000E+01	-1.15092771E+02	-4.28004686E+01	
2.00000000E+01	-1.17367426E+02	-8.29731920E+00	
2.10000000E+01	-1.20018073E+02	4.45338623E+01	
2.20000000E+01	-1.20740419E+02	1.51601964E+02	
2.30000000E+01	-1.14810993E+02	-1.15569753E+02	
2.40000000E+01	-1.11722252E+02	-5.20746436E+01	
2.50000000E+01	-1.11500205E+02	7.07967163E+00	
2.60000000E+01	-1.13853975E+02	7.34603217E+01	
2.70000000E+01	-1.16236433E+02	1.56154246E+02	
2.80000000E+01	-1.14326373E+02	-1.20438254E+02	
2.90000000E+01	-1.11880743E+02	-5.92578621E+01	
3.00000000E+01	-1.10615635E+02	-3.75693834E+00	
3.10000000E+01	-1.11046346E+02	5.79766626E+01	
3.20000000E+01	-1.12306413E+02	1.36363629E+02	
3.30000000E+01	-1.11308123E+02	-1.35063005E+02	
3.40000000E+01	-1.09144736E+02	-6.03224803E+01	
3.50000000E+01	-1.08186898E+02	3.00141319E+00	
3.60000000E+01	-1.09304402E+02	6.52905360E+01	
3.70000000E+01	-1.11873757E+02	1.35556946E+02	
3.80000000E+01	-1.13181341E+02	-1.41010678E+02	
3.90000000E+01	-1.11911897E+02	-6.60384807E+01	
4.00000000E+01	-1.10803953E+02	-9.00098455E+00	
4.10000000E+01	-1.10810177E+02	4.21107596E+01	
4.20000000E+01	-1.12060674E+02	9.45465464E+01	
4.30000000E+01	-1.14008316E+02	1.60691080E+02	
4.40000000E+01	-1.14594248E+02	-1.19724530E+02	
4.50000000E+01	-1.12344048E+02	-5.08132879E+01	
4.60000000E+01	-1.11073580E+02	2.96609310E+00	
4.70000000E+01	-1.11178592E+02	4.96893713E+01	
4.80000000E+01	-1.12449975E+02	9.31391463E+01	
4.90000000E+01	-1.14682365E+02	1.42812637E+02	
5.00000000E+01	-1.15885909E+02	-1.58621731E+02	
5.10000000E+01	-1.14229031E+02	-9.45306423E+01	
5.20000000E+01	-1.11094593E+02	-4.11262967E+01	
5.30000000E+01	-1.08741869E+02	1.49886588E+00	
5.40000000E+01	-1.07706199E+02	4.41210170E+01	
5.50000000E+01	-1.07898051E+02	8.71707489E+01	
5.60000000E+01	-1.09120945E+02	1.31524714E+02	
5.70000000E+01	-1.11373234E+02	-1.79645534E+02	
5.80000000E+01	-1.13643383E+02	-1.24637544E+02	
5.90000000E+01	-1.14427040E+02	-7.19797911E+01	
6.00000000E+01	-1.14217597E+02	-3.41338811E+01	
6.10000000E+01	-1.13101474E+02	-1.11522590E+01	
6.20000000E+01	-1.11253886E+02	9.64982260E+00	
6.30000000E+01	-1.09191405E+02	3.18520811E+01	
6.40000000E+01	-1.07730933E+02	5.81763708E+01	
6.50000000E+01	-1.07182904E+02	8.60638575E+01	
6.60000000E+01	-1.07395480E+02	1.15534707E+02	
6.70000000E+01	-1.08639614E+02	1.43766454E+02	
6.80000000E+01	-1.10555911E+02	1.70392751E+02	
6.90000000E+01	-1.13184784E+02	-1.67177512E+02	
7.00000000E+01	-1.16169899E+02	-1.51741183E+02	
7.10000000E+01	-1.17032015E+02	-1.47325126E+02	
7.20000000E+01	-1.15853455E+02	-1.35403734E+02	
7.30000000E+01	-1.13901492E+02	-1.14405119E+02	
7.40000000E+01	-1.11933101E+02	-9.00414523E+01	
7.50000000E+01	-1.10857638E+02	-6.32625605E+01	
7.60000000E+01	-1.10054300E+02	-3.86077952E+01	
7.70000000E+01	-1.10175768E+02	-1.48132350E+01	
7.80000000E+01	-1.10938285E+02	7.93967143E+00	
7.90000000E+01	-1.12706145E+02	2.88221078E+01	
8.00000000E+01	-1.16237743E+02	4.89778226E+01	
8.10000000E+01	-1.23362631E+02	7.14359801E+01	
8.20000000E+01	-1.33540753E+02	-1.06395455E+02	
8.30000000E+01	-1.18597572E+02	-8.36720561E+01	
8.40000000E+01	-1.13860947E+02	-7.01436140E+01	
8.50000000E+01	-1.11450055E+02	-5.60241810E+01	
8.60000000E+01	-1.10137071E+02	-4.58284764E+01	
8.70000000E+01	-1.09545681E+02	-3.49792413E+01	
8.80000000E+01	-1.09760051E+02	-2.72554021E+01	
8.90000000E+01	-1.10414523E+02	-2.14525324E+01	
9.00000000E+01	-1.12024150E+02	-1.59260940E+01	
9.10000000E+01	-1.15097515E+02	-1.15174838E+01	
9.20000000E+01	-1.20155468E+02	-4.37150502E+00	
9.30000000E+01	-1.34383726E+02	4.67068455E+01	
9.40000000E+01	-1.21390132E+02	1.43642050E+02	
9.50000000E+01	-1.15774694E+02	1.44677459E+02	
9.60000000E+01	-1.13061454E+02	1.40280172E+02	
9.70000000E+01	-1.11658716E+02	1.31430927E+02	
9.80000000E+01	-1.11228120E+02	1.20602559E+02	
9.90000000E+01	-1.11674605E+02	1.09692503E+02	
1.00000000E+02	-1.12767584E+02	9.41424884E+01	
1.01000000E+02	-1.15146460E+02	7.93013492E+01	
1.02000000E+02	-1.19299896E+02	6.40070979E+01	
1.03000000E+02	-1.26794052E+02	5.42937710E+01	
1.04000000E+02	-1.33452585E+02	1.34224334E+02	
1.05000000E+02	-1.24504837E+02	1.40818266E+02	
1.06000000E+02	-1.21975475E+02	1.13573588E+02	
1.07000000E+02	-1.20515836E+02	7.78826477E+01	
1.08000000E+02	-1.19878822E+02	3.03223840E+01	
1.09000000E+02	-1.18483025E+02	-1.77502615E+01	
1.10000000E+02	-1.17510692E+02	-5.73677449E+01	
1.11000000E+02	-1.17283219E+02	-9.39120558E+01	
1.12000000E+02	-1.19237631E+02	-1.27283000E+02	
1.13000000E+02	-1.24936750E+02	-1.47172410E+02	
1.14000000E+02	-1.27440152E+02	-6.72668759E+01	
1.15000000E+02	-1.18082977E+02	-7.39465900E+01	
1.16000000E+02	-1.13887370E+02	-1.03071405E+02	
1.17000000E+02	-1.12182058E+02	-1.36266689E+02	
1.18000000E+02	-1.12301855E+02	-1.71815286E+02	
1.19000000E+02	-1.14441188E+02	1.53521060E+02	
1.20000000E+02	-1.19812301E+02	1.13651848E+02	
1.21000000E+02	-1.39317596E+02	4.00657066E+01	
1.22000000E+02	-1.24383059E+02	-1.38888981E+02	
1.23000000E+02	-1.22544367E+02	-1.74117969E+02	
1.24000000E+02	-1.27975575E+02	1.36340177E+02	
1.25000000E+02	-1.27709913E+02	-5.85161395E+01	
1.26000000E+02	-1.17823451E+02	-1.06676090E+02	
1.27000000E+02	-1.14664991E+02	-1.47320794E+02	
1.28000000E+02	-1.14542090E+02	1.71325218E+02	
1.29000000E+02	-1.16972720E+02	1.35232420E+02	
1.30000000E+02	-1.22620123E+02	1.14518369E+02	
1.31000000E+02	-1.27835308E+02	1.25982625E+02	
1.32000000E+02	-1.29148993E+02	9.79642960E+01	
1.33000000E+02	-1.26997794E+02	-3.72146795E+01	
1.34000000E+02	-1.17982086E+02	-1.05277802E+02	
1.35000000E+02	-1.13911382E+02	-1.55332886E+02	
1.36000000E+02	-1.13069580E+02	1.56595205E+02	
1.37000000E+02	-1.14975594E+02	1.08133031E+02	
1.38000000E+02	-1.20655743E+02	5.50722077E+01	
1.39000000E+02	-1.30599640E+02	-4.22333541E+01	
1.40000000E+02	-1.27453768E+02	-1.33215127E+02	
1.41000000E+02	-1.22934728E+02	-1.53579287E+02	
1.42000000E+02	-1.17887501E+02	-1.78950219E+02	
1.43000000E+02	-1.15752265E+02	1.37935103E+02	
1.44000000E+02	-1.16965210E+02	8.23433612E+01	
1.45000000E+02	-1.21878513E+02	-7.57754730E+00	
1.46000000E+02	-1.18896945E+02	-1.25240412E+02	
1.47000000E+02	-1.15780789E+02	1.72661988E+02	
1.48000000E+02	-1.16038574E+02	1.26589485E+02	
1.49000000E+02	-1.18629208E+02	1.01434699E+02	
1.50000000E+02	-1.19442362E+02	8.11479594E+01	
1.51000000E+02	-1.21728712E+02	2.39134430E+01	
1.52000000E+02	-1.22565981E+02	-9.48332785E+01	
1.53000000E+02	-1.16179413E+02	1.75558573E+02	
1.54000000E+02	-1.14287384E+02	1.10026848E+02	
1.55000000E+02	-1.16450040E+02	4.42628689E+01	
1.56000000E+02	-1.22466059E+02	-5.91686328E+01	
1.57000000E+02	-1.19037204E+02	-1.73830749E+02	
1.58000000E+02	-1.17218719E+02	1.35510891E+02	
1.59000000E+02	-1.16165060E+02	1.01119724E+02	
1.60000000E+02	-1.14945312E+02	6.50902952E+01	
1.61000000E+02	-1.16130020E+02	1.73788323E+00	
1.62000000E+02	-1.16573486E+02	-1.02781573E+02	
1.63000000E+02	-1.11887467E+02	1.57825738E+02	
1.64000000E+02	-1.09180254E+02	8.26269536E+01	
1.65000000E+02	-1.09255495E+02	6.37128833E+00	
1.66000000E+02	-1.10017231E+02	-8.48255069E+01	
1.67000000E+02	-1.08485308E+02	-1.79632035E+02	
1.68000000E+02	-1.06703628E+02	1.01822420E+02	
1.69000000E+02	-1.06477607E+02	2.76488871E+01	
1.70000000E+02	-1.07598902E+02	-5.50847446E+01	
1.71000000E+02	-1.07283913E+02	-1.51566683E+02	
1.72000000E+02	-1.05033328E+02	1.19842415E+02	
1.73000000E+02	-1.03745200E+02	4.06843728E+01	
1.74000000E+02	-1.03942822E+02	-4.12003822E+01	
1.75000000E+02	-1.04492935E+02	-1.32788103E+02	
1.76000000E+02	-1.03894672E+02	1.33449821E+02	
1.77000000E+02	-1.03367343E+02	4.69016594E+01	
1.78000000E+02	-1.04102619E+02	-3.98064872E+01	
1.79000000E+02	-1.04804622E+02	-1.36802751E+02	
1.80000000E+02	-1.03859736E+02	1.28006957E+02	
1.81000000E+02	-1.02958026E+02	4.43412596E+01	
1.82000000E+02	-1.03815896E+02	-3.57562557E+01	
1.83000000E+02	-1.06038881E+02	-1.26598035E+02	
1.84000000E+02	-1.06771542E+02	1.29814048E+02	
1.85000000E+02	-1.05850061E+02	3.46730914E+01	
1.86000000E+02	-1.05861905E+02	-5.38726325E+01	
1.87000000E+02	-1.06572902E+02	-1.49020444E+02	
1.88000000E+02	-1.05851803E+02	1.15684476E+02	
1.89000000E+02	-1.05251842E+02	3.02272919E+01	
1.90000000E+02	-1.06581304E+02	-5.17265427E+01	
1.91000000E+02	-1.09442655E+02	-1.50180917E+02	
1.92000000E+02	-1.08548542E+02	9.79863463E+01	
1.93000000E+02	-1.06107375E+02	9.72767594E+00	
1.94000000E+02	-1.05587950E+02	-6.80713234E+01	
1.95000000E+02	-1.06401501E+02	-1.50819040E+02	
1.96000000E+02	-1.06764940E+02	1.21572618E+02	
1.97000000E+02	-1.06471879E+02	3.88403701E+01	
1.98000000E+02	-1.07045461E+02	-3.88064586E+01	
1.99000000E+02	-1.09158194E+02	-1.22921370E+02	
2.00000000E+02	-1.09970601E+02	1.37680453E+02	
2.01000000E+02	-1.07886628E+02	4.88570213E+01	
2.02000000E+02	-1.06610190E+02	-2.29814817E+01	
2.03000000E+02	-1.07232556E+02	-8.91430579E+01	
2.04000000E+02	-1.09270265E+02	-1.59520978E+02	
2.05000000E+02	-1.11453801E+02	1.21761857E+02	
2.06000000E+02	-1.11987114E+02	4.43271247E+01	
2.07000000E+02	-1.12273059E+02	-2.36346791E+01	
2.08000000E+02	-1.13792611E+02	-8.80890499E+01	
2.09000000E+02	-1.16285333E+02	-1.61712557E+02	
2.10000000E+02	-1.16085394E+02	1.06535800E+02	
2.11000000E+02	-1.13196698E+02	3.27398209E+01	
2.12000000E+02	-1.11556360E+02	-2.48883325E+01	
2.13000000E+02	-1.11310760E+02	-7.68788561E+01	
2.14000000E+02	-1.12686448E+02	-1.26877579E+02	
2.15000000E+02	-1.14795295E+02	1.78435923E+02	
2.16000000E+02	-1.15860081E+02	1.14233323E+02	
2.17000000E+02	-1.14042113E+02	4.55690380E+01	
2.18000000E+02	-1.11543884E+02	-1.59830642E+01	
2.19000000E+02	-1.09800880E+02	-7.58670110E+01	
2.20000000E+02	-1.09155175E+02	-1.42888716E+02	
2.21000000E+02	-1.08542669E+02	1.45550647E+02	
2.22000000E+02	-1.07200897E+02	7.07327506E+01	
2.23000000E+02	-1.05559915E+02	2.36240193E+00	
2.24000000E+02	-1.04600609E+02	-6.17485850E+01	
2.25000000E+02	-1.04563400E+02	-1.24417315E+02	
2.26000000E+02	-1.05239786E+02	1.70656853E+02	
2.27000000E+02	-1.05805038E+02	1.02682239E+02	
2.28000000E+02	-1.05849421E+02	3.77015441E+01	
2.29000000E+02	-1.05813748E+02	-2.15699956E+01	
2.30000000E+02	-1.06156259E+02	-7.40605279E+01	
2.31000000E+02	-1.07060612E+02	-1.20390388E+02	
2.32000000E+02	-1.08337739E+02	-1.62086092E+02	
2.33000000E+02	-1.09714339E+02	1.59766675E+02	
2.34000000E+02	-1.10126659E+02	1.21216849E+02	
2.35000000E+02	-1.09960688E+02	7.99729311E+01	
2.36000000E+02	-1.09322273E+02	3.62163229E+01	
2.37000000E+02	-1.08444046E+02	-9.85023714E+00	
2.38000000E+02	-1.07710295E+02	-5.39132003E+01	
2.39000000E+02	-1.07528747E+02	-1.00202642E+02	
2.40000000E+02	-1.07739950E+02	-1.49549926E+02	
2.41000000E+02	-1.07944292E+02	1.60032807E+02	
2.42000000E+02	-1.07646827E+02	1.06251380E+02	
2.43000000E+02	-1.07026360E+02	5.48840126E+01	
2.44000000E+02	-1.06070514E+02	8.03274993E+00	
2.45000000E+02	-1.05201769E+02	-3.48488479E+01	
2.46000000E+02	-1.04930779E+02	-7.34313178E+01	
2.47000000E+02	-1.05222780E+02	-1.10559644E+02	
2.48000000E+02	-1.06433869E+02	-1.46158754E+02	
2.49000000E+02	-1.08527024E+02	1.78627890E+02	
2.50000000E+02	-1.12715272E+02	1.41551014E+02	
2.51000000E+02	-1.20387195E+02	8.60727182E+01	
2.52000000E+02	-1.19685566E+02	-5.69052587E+01	
2.53000000E+02	-1.12093932E+02	-1.03184528E+02	
2.54000000E+02	-1.08762205E+02	-1.37865572E+02	
2.55000000E+02	-1.06622282E+02	-1.67145962E+02	
2.56000000E+02	-1.05669797E+02	1.63111826E+02	
2.57000000E+02	-1.05322161E+02	1.34891640E+02	
2.58000000E+02	-1.05259799E+02	1.06061835E+02	
2.59000000E+02	-1.05911074E+02	7.66361697E+01	
2.60000000E+02	-1.06414070E+02	4.62844329E+01	
2.61000000E+02	-1.06797858E+02	1.55290895E+01	
2.62000000E+02	-1.07041965E+02	-1.64784644E+01	
2.63000000E+02	-1.07011736E+02	-4.64503707E+01	
2.64000000E+02	-1.06583069E+02	-7.34965651E+01	
2.65000000E+02	-1.06222209E+02	-9.52444796E+01	
2.66000000E+02	-1.05747279E+02	-1.15307290E+02	
2.67000000E+02	-1.05652685E+02	-1.29525956E+02	
2.68000000E+02	-1.05879423E+02	-1.41449031E+02	
2.69000000E+02	-1.06638715E+02	-1.51351876E+02	
2.70000000E+02	-1.07671623E+02	-1.59193974E+02	
2.71000000E+02	-1.09786549E+02	-1.66893725E+02	
2.72000000E+02	-1.12679761E+02	-1.74797666E+02	
2.73000000E+02	-1.16400840E+02	1.64190718E+02	
2.74000000E+02	-1.18509424E+02	1.23790927E+02	
2.75000000E+02	-1.15174088E+02	8.61271137E+01	
2.76000000E+02	-1.11321039E+02	8.39553718E+01	
2.77000000E+02	-1.08870414E+02	8.72236949E+01	
2.78000000E+02	-1.07706594E+02	1.00684171E+02	
2.79000000E+02	-1.06765524E+02	1.15824393E+02	
2.80000000E+02	-1.06420270E+02	1.35347581E+02	
2.81000000E+02	-1.06205288E+02	1.56535692E+02	
2.82000000E+02	-1.06366640E+02	-1.76883458E+02	
2.83000000E+02	-1.06673646E+02	-1.48429044E+02	
2.84000000E+02	-1.07014155E+02	-1.19323662E+02	
2.85000000E+02	-1.07627537E+02	-8.97081298E+01	
2.86000000E+02	-1.08220744E+02	-6.04057549E+01	
2.87000000E+02	-1.09171311E+02	-3.39547566E+01	
2.88000000E+02	-1.11281439E+02	-1.28907023E+01	
2.89000000E+02	-1.13421079E+02	-4.70685241E+00	
2.90000000E+02	-1.13701169E+02	-1.34092404E+01	
2.91000000E+02	-1.11284790E+02	-1.48736083E+01	
2.92000000E+02	-1.08225684E+02	1.91614691E-01	
2.93000000E+02	-1.06210653E+02	2.23447809E+01	
2.94000000E+02	-1.04933791E+02	4.77675728E+01	
2.95000000E+02	-1.04442925E+02	7.42199807E+01	
2.96000000E+02	-1.04555602E+02	1.02605412E+02	
2.97000000E+02	-1.05242715E+02	1.31787793E+02	
2.98000000E+02	-1.06176199E+02	1.63852535E+02	
2.99000000E+02	-1.07115312E+02	-1.60262695E+02	
3.00000000E+02	-1.08285420E+02	-1.15821184E+02	
3.01000000E+02	-1.08746864E+02	-6.30066720E+01	
3.02000000E+02	-1.08520946E+02	-7.98891848E+00	
3.03000000E+02	-1.07844976E+02	4.59856911E+01	
3.04000000E+02	-1.07617361E+02	9.96984599E+01	
3.05000000E+02	-1.08204128E+02	1.57980676E+02	
3.06000000E+02	-1.08896141E+02	-1.37271183E+02	
3.07000000E+02	-1.08578495E+02	-7.01910289E+01	
3.08000000E+02	-1.08135721E+02	-1.16202641E+01	
3.09000000E+02	-1.08204963E+02	3.78438812E+01	
3.10000000E+02	-1.10159599E+02	7.37017539E+01	
3.11000000E+02	-1.12741677E+02	8.95459928E+01	
3.12000000E+02	-1.11700320E+02	9.98080607E+01	
3.13000000E+02	-1.09594522E+02	1.29862550E+02	
3.14000000E+02	-1.09442941E+02	-1.79280491E+02	
3.15000000E+02	-1.10475417E+02	-1.08672806E+02	
3.16000000E+02	-1.10012573E+02	-2.42895050E+01	
3.17000000E+02	-1.08108847E+02	5.01758594E+01	
3.18000000E+02	-1.07474439E+02	1.15299323E+02	
3.19000000E+02	-1.08949718E+02	-1.79767718E+02	
3.20000000E+02	-1.11510630E+02	-1.01949555E+02	
3.21000000E+02	-1.12606476E+02	-1.54243975E+01	
3.22000000E+02	-1.12304996E+02	5.57274823E+01	
3.23000000E+02	-1.14094470E+02	1.05945164E+02	
3.24000000E+02	-1.19570592E+02	1.28963040E+02	
3.25000000E+02	-1.19426979E+02	9.99531120E+01	
3.26000000E+02	-1.15402459E+02	1.19717307E+02	
3.27000000E+02	-1.15620912E+02	1.56415810E+02	
3.28000000E+02	-1.19744999E+02	-1.51781578E+02	
3.29000000E+02	-1.27640384E+02	-4.55000850E+00	
3.30000000E+02	-1.16104167E+02	7.75421042E+01	
3.31000000E+02	-1.12187835E+02	1.35453615E+02	
3.32000000E+02	-1.11630618E+02	-1.65350765E+02	
3.33000000E+02	-1.12825561E+02	-8.75896860E+01	
3.34000000E+02	-1.11752728E+02	4.79017827E+00	
3.35000000E+02	-1.09071006E+02	8.01642905E+01	
3.36000000E+02	-1.08365642E+02	1.41724924E+02	
3.37000000E+02	-1.10360545E+02	-1.58895484E+02	
3.38000000E+02	-1.16092534E+02	-8.78572999E+01	
3.39000000E+02	-1.18423842E+02	3.86128302E+01	
3.40000000E+02	-1.12556758E+02	1.17467645E+02	
3.41000000E+02	-1.10132812E+02	1.75293142E+02	
3.42000000E+02	-1.10353657E+02	-1.21482210E+02	
3.43000000E+02	-1.11422910E+02	-3.81753651E+01	
3.44000000E+02	-1.10045552E+02	5.88171840E+01	
3.45000000E+02	-1.07923166E+02	1.38698042E+02	
3.46000000E+02	-1.08496328E+02	-1.45848588E+02	
3.47000000E+02	-1.12327313E+02	-5.47999803E+01	
3.48000000E+02	-1.11774608E+02	7.39256307E+01	
3.49000000E+02	-1.08077490E+02	1.63871405E+02	
3.50000000E+02	-1.08079157E+02	-1.18861098E+02	
3.51000000E+02	-1.11146715E+02	-2.75490059E+01	
3.52000000E+02	-1.11686828E+02	9.12492495E+01	
3.53000000E+02	-1.09369686E+02	-1.74164026E+02	
3.54000000E+02	-1.10093962E+02	-9.02293131E+01	
3.55000000E+02	-1.12472626E+02	1.47026643E+01	
3.56000000E+02	-1.10101689E+02	1.25540798E+02	
3.57000000E+02	-1.08152048E+02	-1.51976406E+02	
3.58000000E+02	-1.09295497E+02	-7.27191695E+01	
3.59000000E+02	-1.12140782E+02	2.92333194E+01	
3.60000000E+02	-1.10244127E+02	1.38538927E+02	
