Far field
"Plane Wave Phi"[deg]	"Magnitude [dBV]"	"Phase [deg]"	
0.00000000E+00	-1.34002821E+02	1.70461133E+02	
1.00000000E+00	-1.18063429E+02	-1.56667950E+02	
2.00000000E+00	-1.15953517E+02	-1.05020969E+02	
3.00000000E+00	-1.19795852E+02	-4.74050350E+01	
4.00000000E+00	-1.31110175E+02	1.07263204E+02	
5.00000000E+00	-1.19074323E+02	-1.49750753E+02	
6.00000000E+00	-1.17704104E+02	-9.40520292E+01	
7.00000000E+00	-1.24050730E+02	-4.41316586E+01	
8.00000000E+00	-1.25977437E+02	-1.58642991E+02	
9.00000000E+00	-1.17232903E+02	-1.10264036E+02	
1.00000000E+01	-1.16619620E+02	-5.61606303E+01	
1.10000000E+01	-1.21969195E+02	9.40216784E+00	
1.20000000E+01	-1.26003993E+02	1.72524152E+02	
1.30000000E+01	-1.18604408E+02	-1.06533011E+02	
1.40000000E+01	-1.18865918E+02	-4.82497541E+01	
1.50000000E+01	-1.29174494E+02	2.12397529E+01	
1.60000000E+01	-1.21850333E+02	-1.38241954E+02	
1.70000000E+01	-1.15985425E+02	-8.07064280E+01	
1.80000000E+01	-1.15866983E+02	-2.60496863E+01	
1.90000000E+01	-1.21058063E+02	3.50147021E+01	
2.00000000E+01	-1.28557069E+02	-1.64222213E+02	
2.10000000E+01	-1.19597572E+02	-7.61823646E+01	
2.20000000E+01	-1.19285575E+02	-1.93967857E+01	
2.30000000E+01	-1.28011702E+02	4.77982877E+01	
2.40000000E+01	-1.22596659E+02	-1.17831611E+02	
2.50000000E+01	-1.15748317E+02	-6.09834918E+01	
2.60000000E+01	-1.14516757E+02	-9.27619966E+00	
2.70000000E+01	-1.17234429E+02	4.40856021E+01	
2.80000000E+01	-1.26869311E+02	1.22382637E+02	
2.90000000E+01	-1.22763673E+02	-7.65291794E+01	
3.00000000E+01	-1.18391564E+02	-1.64755051E+01	
3.10000000E+01	-1.20086741E+02	3.64518206E+01	
3.20000000E+01	-1.32257746E+02	1.22473417E+02	
3.30000000E+01	-1.21099235E+02	-7.16749168E+01	
3.40000000E+01	-1.15619778E+02	-1.96151593E+01	
3.50000000E+01	-1.14581022E+02	2.84774723E+01	
3.60000000E+01	-1.16693370E+02	7.87331343E+01	
3.70000000E+01	-1.22966998E+02	1.44863653E+02	
3.80000000E+01	-1.25079937E+02	-8.38298684E+01	
3.90000000E+01	-1.20164200E+02	-1.19801044E+01	
4.00000000E+01	-1.20339830E+02	3.80841207E+01	
4.10000000E+01	-1.27403374E+02	9.19754804E+01	
4.20000000E+01	-1.26331997E+02	-7.97652246E+01	
4.30000000E+01	-1.17439340E+02	-2.97074872E+01	
4.40000000E+01	-1.14366019E+02	1.14590463E+01	
4.50000000E+01	-1.13989602E+02	5.09692122E+01	
4.60000000E+01	-1.15986473E+02	9.05880721E+01	
4.70000000E+01	-1.21478258E+02	1.34371128E+02	
4.80000000E+01	-1.33074998E+02	-1.02219055E+02	
4.90000000E+01	-1.22093967E+02	-4.44045895E+00	
5.00000000E+01	-1.18909592E+02	3.61655227E+01	
5.10000000E+01	-1.19482239E+02	7.25842583E+01	
5.20000000E+01	-1.24349436E+02	1.10524921E+02	
5.30000000E+01	-1.36369348E+02	-8.64200408E+01	
5.40000000E+01	-1.20888312E+02	-2.14780988E+01	
5.50000000E+01	-1.16098095E+02	1.17491218E+01	
5.60000000E+01	-1.14066274E+02	4.24016284E+01	
5.70000000E+01	-1.13658575E+02	7.19325786E+01	
5.80000000E+01	-1.14635758E+02	1.00979418E+02	
5.90000000E+01	-1.17169778E+02	1.30510618E+02	
6.00000000E+01	-1.22089725E+02	1.63420472E+02	
6.10000000E+01	-1.32382820E+02	-1.27078137E+02	
6.20000000E+01	-1.26414395E+02	-8.16228292E+00	
6.30000000E+01	-1.21470993E+02	2.68860750E+01	
6.40000000E+01	-1.19849197E+02	5.24961313E+01	
6.50000000E+01	-1.20224679E+02	7.43883240E+01	
6.60000000E+01	-1.22634466E+02	9.25731289E+01	
6.70000000E+01	-1.28801021E+02	9.94647972E+01	
6.80000000E+01	-1.32970120E+02	6.94884501E+00	
6.90000000E+01	-1.22881075E+02	-5.42738995E+00	
7.00000000E+01	-1.18151381E+02	6.90778232E+00	
7.10000000E+01	-1.15325907E+02	2.14520737E+01	
7.20000000E+01	-1.13511270E+02	3.60966273E+01	
7.30000000E+01	-1.12357778E+02	5.03754043E+01	
7.40000000E+01	-1.11663749E+02	6.40318606E+01	
7.50000000E+01	-1.11335495E+02	7.68909502E+01	
7.60000000E+01	-1.11290617E+02	8.90985331E+01	
7.70000000E+01	-1.11495642E+02	1.00459806E+02	
7.80000000E+01	-1.11917150E+02	1.11009323E+02	
7.90000000E+01	-1.12510201E+02	1.20798970E+02	
8.00000000E+01	-1.13272116E+02	1.29971336E+02	
8.10000000E+01	-1.14171962E+02	1.38331118E+02	
8.20000000E+01	-1.15222235E+02	1.46140015E+02	
8.30000000E+01	-1.16397896E+02	1.53380703E+02	
8.40000000E+01	-1.17720666E+02	1.60312703E+02	
8.50000000E+01	-1.19203446E+02	1.67001429E+02	
8.60000000E+01	-1.20826938E+02	1.73969907E+02	
8.70000000E+01	-1.22617105E+02	-1.78273046E+02	
8.80000000E+01	-1.24592839E+02	-1.68787285E+02	
8.90000000E+01	-1.26608896E+02	-1.55880749E+02	
9.00000000E+01	-1.28329876E+02	-1.38007019E+02	
9.10000000E+01	-1.29024563E+02	-1.15733346E+02	
9.20000000E+01	-1.28337018E+02	-9.51250657E+01	
9.30000000E+01	-1.26822813E+02	-8.06540250E+01	
9.40000000E+01	-1.25123358E+02	-7.21354097E+01	
9.50000000E+01	-1.23531172E+02	-6.77845235E+01	
9.60000000E+01	-1.22083556E+02	-6.63712551E+01	
9.70000000E+01	-1.20789732E+02	-6.67714809E+01	
9.80000000E+01	-1.19631000E+02	-6.87440007E+01	
9.90000000E+01	-1.18587591E+02	-7.19296142E+01	
1.00000000E+02	-1.17651955E+02	-7.61184054E+01	
1.01000000E+02	-1.16833530E+02	-8.12445376E+01	
1.02000000E+02	-1.16095292E+02	-8.74157103E+01	
1.03000000E+02	-1.15470907E+02	-9.43180798E+01	
1.04000000E+02	-1.14974793E+02	-1.02173706E+02	
1.05000000E+02	-1.14619034E+02	-1.10767119E+02	
1.06000000E+02	-1.14430596E+02	-1.20291722E+02	
1.07000000E+02	-1.14422437E+02	-1.30399779E+02	
1.08000000E+02	-1.14651710E+02	-1.41121574E+02	
1.09000000E+02	-1.15145545E+02	-1.52334804E+02	
1.10000000E+02	-1.15995580E+02	-1.63771798E+02	
1.11000000E+02	-1.17229363E+02	-1.74823442E+02	
1.12000000E+02	-1.18955453E+02	1.75146993E+02	
1.13000000E+02	-1.21231421E+02	1.67764214E+02	
1.14000000E+02	-1.23974136E+02	1.65943125E+02	
1.15000000E+02	-1.26530778E+02	1.72576378E+02	
1.16000000E+02	-1.27806016E+02	-1.77458960E+02	
1.17000000E+02	-1.28554679E+02	-1.72859287E+02	
1.18000000E+02	-1.30592202E+02	-1.71277299E+02	
1.19000000E+02	-1.35078347E+02	-1.46243598E+02	
1.20000000E+02	-1.30879962E+02	-9.08639862E+01	
1.21000000E+02	-1.24352522E+02	-9.12395135E+01	
1.22000000E+02	-1.20437350E+02	-1.06551624E+02	
1.23000000E+02	-1.18149534E+02	-1.26950485E+02	
1.24000000E+02	-1.17125154E+02	-1.49360237E+02	
1.25000000E+02	-1.17300815E+02	-1.72806756E+02	
1.26000000E+02	-1.18834420E+02	1.64295314E+02	
1.27000000E+02	-1.22185767E+02	1.45308878E+02	
1.28000000E+02	-1.28147264E+02	1.44917900E+02	
1.29000000E+02	-1.29291864E+02	-1.72258161E+02	
1.30000000E+02	-1.25657331E+02	-1.72601966E+02	
1.31000000E+02	-1.25713284E+02	1.66909085E+02	
1.32000000E+02	-1.31785223E+02	1.49603298E+02	
1.33000000E+02	-1.31678582E+02	-9.92150945E+01	
1.34000000E+02	-1.21734446E+02	-1.18296386E+02	
1.35000000E+02	-1.17738912E+02	-1.48489963E+02	
1.36000000E+02	-1.16380657E+02	1.79304579E+02	
1.37000000E+02	-1.17148314E+02	1.47380088E+02	
1.38000000E+02	-1.20406652E+02	1.19455995E+02	
1.39000000E+02	-1.27143243E+02	1.15591845E+02	
1.40000000E+02	-1.26578211E+02	1.57304085E+02	
1.41000000E+02	-1.23280097E+02	1.38941463E+02	
1.42000000E+02	-1.25217236E+02	9.98503952E+01	
1.43000000E+02	-1.35266165E+02	-6.23578547E+00	
1.44000000E+02	-1.23241276E+02	-1.25539036E+02	
1.45000000E+02	-1.18162957E+02	-1.72508880E+02	
1.46000000E+02	-1.17011496E+02	1.45544117E+02	
1.47000000E+02	-1.19172349E+02	1.06463530E+02	
1.48000000E+02	-1.26938317E+02	8.13442649E+01	
1.49000000E+02	-1.27881985E+02	1.58055393E+02	
1.50000000E+02	-1.21866437E+02	1.32252408E+02	
1.51000000E+02	-1.22976039E+02	8.86388115E+01	
1.52000000E+02	-1.36345926E+02	1.78021159E+00	
1.53000000E+02	-1.22534353E+02	-1.60302026E+02	
1.54000000E+02	-1.17265596E+02	1.50475457E+02	
1.55000000E+02	-1.16691660E+02	1.05237389E+02	
1.56000000E+02	-1.20372037E+02	6.39247941E+01	
1.57000000E+02	-1.32995229E+02	7.43217500E+01	
1.58000000E+02	-1.23228327E+02	1.21327562E+02	
1.59000000E+02	-1.21045772E+02	7.88038760E+01	
1.60000000E+02	-1.27060119E+02	2.38357730E+01	
1.61000000E+02	-1.26990724E+02	-1.70526348E+02	
1.62000000E+02	-1.18501269E+02	1.30783425E+02	
1.63000000E+02	-1.17137601E+02	8.11709911E+01	
1.64000000E+02	-1.20899961E+02	3.46891344E+01	
1.65000000E+02	-1.38580678E+02	7.83804549E+01	
1.66000000E+02	-1.21589310E+02	9.99655130E+01	
1.67000000E+02	-1.19605010E+02	5.06085295E+01	
1.68000000E+02	-1.24869318E+02	-1.13884765E+01	
1.69000000E+02	-1.27375310E+02	1.73733236E+02	
1.70000000E+02	-1.19269622E+02	1.03213510E+02	
1.71000000E+02	-1.18810295E+02	5.10091898E+01	
1.72000000E+02	-1.25697432E+02	8.70329250E+00	
1.73000000E+02	-1.26663121E+02	1.03577559E+02	
1.74000000E+02	-1.19232724E+02	6.31155880E+01	
1.75000000E+02	-1.19845584E+02	1.11314466E+01	
1.76000000E+02	-1.29910574E+02	-6.55711973E+01	
1.77000000E+02	-1.23026863E+02	1.15621325E+02	
1.78000000E+02	-1.18343008E+02	5.80235031E+01	
1.79000000E+02	-1.20327755E+02	9.71019279E+00	
1.80000000E+02	-1.33440657E+02	1.60020322E+01	
1.81000000E+02	-1.21076184E+02	6.36896500E+01	
1.82000000E+02	-1.17786444E+02	1.74519191E+01	
1.83000000E+02	-1.20662278E+02	-3.43505176E+01	
1.84000000E+02	-1.39890781E+02	-1.55767017E+02	
1.85000000E+02	-1.21651411E+02	5.59841771E+01	
1.86000000E+02	-1.19358907E+02	2.04939812E+00	
1.87000000E+02	-1.24745558E+02	-5.15109208E+01	
1.88000000E+02	-1.29142894E+02	8.52053729E+01	
1.89000000E+02	-1.19100470E+02	2.95828847E+01	
1.90000000E+02	-1.18050927E+02	-2.40481310E+01	
1.91000000E+02	-1.22880536E+02	-8.27980391E+01	
1.92000000E+02	-1.32133118E+02	1.07085603E+02	
1.93000000E+02	-1.21874514E+02	1.84937174E+01	
1.94000000E+02	-1.22003513E+02	-4.15403835E+01	
1.95000000E+02	-1.31711785E+02	-1.39036864E+02	
1.96000000E+02	-1.22349098E+02	6.66577008E+01	
1.97000000E+02	-1.17712346E+02	7.34324400E+00	
1.98000000E+02	-1.18236256E+02	-4.60435552E+01	
1.99000000E+02	-1.24722215E+02	-1.00825649E+02	
2.00000000E+02	-1.31761984E+02	4.91828631E+01	
2.01000000E+02	-1.22178490E+02	-1.38602321E+01	
2.02000000E+02	-1.22901825E+02	-7.32341595E+01	
2.03000000E+02	-1.29855618E+02	1.72857098E+02	
2.04000000E+02	-1.21047715E+02	5.29201422E+01	
2.05000000E+02	-1.16824230E+02	-5.35063596E+00	
2.06000000E+02	-1.16718751E+02	-5.67896456E+01	
2.07000000E+02	-1.20694377E+02	-1.06979386E+02	
2.08000000E+02	-1.38272108E+02	-1.66388381E+02	
2.09000000E+02	-1.25089256E+02	-2.36373091E+01	
2.10000000E+02	-1.21776576E+02	-7.97680936E+01	
2.11000000E+02	-1.23616067E+02	-1.51431021E+02	
2.12000000E+02	-1.23617041E+02	1.01313399E+02	
2.13000000E+02	-1.19004871E+02	2.21451539E+01	
2.14000000E+02	-1.16962225E+02	-3.48282276E+01	
2.15000000E+02	-1.17753018E+02	-8.64626360E+01	
2.16000000E+02	-1.21986214E+02	-1.40220216E+02	
2.17000000E+02	-1.33290644E+02	1.25320216E+02	
2.18000000E+02	-1.26275528E+02	-2.07374121E+01	
2.19000000E+02	-1.22976530E+02	-8.29498185E+01	
2.20000000E+02	-1.23836179E+02	-1.51778524E+02	
2.21000000E+02	-1.23622929E+02	1.14457022E+02	
2.22000000E+02	-1.19399683E+02	3.74259065E+01	
2.23000000E+02	-1.16505250E+02	-1.73571857E+01	
2.24000000E+02	-1.15548210E+02	-6.46735617E+01	
2.25000000E+02	-1.16425962E+02	-1.09324264E+02	
2.26000000E+02	-1.19444540E+02	-1.53563399E+02	
2.27000000E+02	-1.26390204E+02	1.58149213E+02	
2.28000000E+02	-1.37392159E+02	-1.84279702E+01	
2.29000000E+02	-1.25112967E+02	-9.29501470E+01	
2.30000000E+02	-1.21687570E+02	-1.45228073E+02	
2.31000000E+02	-1.20281520E+02	1.59828450E+02	
2.32000000E+02	-1.19003569E+02	1.02681526E+02	
2.33000000E+02	-1.17536090E+02	4.88832008E+01	
2.34000000E+02	-1.16255081E+02	6.03297975E-01	
2.35000000E+02	-1.15598521E+02	-4.29955668E+01	
2.36000000E+02	-1.15731044E+02	-8.36164740E+01	
2.37000000E+02	-1.16727833E+02	-1.23011463E+02	
2.38000000E+02	-1.18736979E+02	-1.62753717E+02	
2.39000000E+02	-1.22029717E+02	1.54654350E+02	
2.40000000E+02	-1.27218860E+02	9.99960612E+01	
2.41000000E+02	-1.31294669E+02	4.12249617E+00	
2.42000000E+02	-1.26910481E+02	-7.82115702E+01	
2.43000000E+02	-1.23167204E+02	-1.29694931E+02	
2.44000000E+02	-1.20545690E+02	-1.73105332E+02	
2.45000000E+02	-1.18469541E+02	1.46927211E+02	
2.46000000E+02	-1.16655091E+02	1.10252204E+02	
2.47000000E+02	-1.15110781E+02	7.67749087E+01	
2.48000000E+02	-1.13790112E+02	4.63415664E+01	
2.49000000E+02	-1.12756742E+02	1.84881792E+01	
2.50000000E+02	-1.11971006E+02	-7.35787455E+00	
2.51000000E+02	-1.11425574E+02	-3.12487982E+01	
2.52000000E+02	-1.11108992E+02	-5.34992416E+01	
2.53000000E+02	-1.10993556E+02	-7.43751908E+01	
2.54000000E+02	-1.11055446E+02	-9.38582144E+01	
2.55000000E+02	-1.11280782E+02	-1.12165187E+02	
2.56000000E+02	-1.11659822E+02	-1.29279437E+02	
2.57000000E+02	-1.12181083E+02	-1.45255922E+02	
2.58000000E+02	-1.12826226E+02	-1.60130625E+02	
2.59000000E+02	-1.13613860E+02	-1.73849067E+02	
2.60000000E+02	-1.14524903E+02	1.73426954E+02	
2.61000000E+02	-1.15601626E+02	1.61819767E+02	
2.62000000E+02	-1.16843694E+02	1.51286670E+02	
2.63000000E+02	-1.18305523E+02	1.41714889E+02	
2.64000000E+02	-1.20067711E+02	1.32883707E+02	
2.65000000E+02	-1.22276250E+02	1.24769604E+02	
2.66000000E+02	-1.25219803E+02	1.16314586E+02	
2.67000000E+02	-1.29532587E+02	1.04454460E+02	
2.68000000E+02	-1.36770153E+02	7.01653176E+01	
2.69000000E+02	-1.34997553E+02	-1.95534432E+01	
2.70000000E+02	-1.28337051E+02	-4.20820674E+01	
2.71000000E+02	-1.24296946E+02	-4.74380429E+01	
2.72000000E+02	-1.21459961E+02	-4.80839929E+01	
2.73000000E+02	-1.19260130E+02	-4.62805358E+01	
2.74000000E+02	-1.17458128E+02	-4.26565276E+01	
2.75000000E+02	-1.15922446E+02	-3.75690806E+01	
2.76000000E+02	-1.14588393E+02	-3.11866013E+01	
2.77000000E+02	-1.13414477E+02	-2.35853229E+01	
2.78000000E+02	-1.12387494E+02	-1.48013602E+01	
2.79000000E+02	-1.11475930E+02	-4.90195257E+00	
2.80000000E+02	-1.10699537E+02	6.04901154E+00	
2.81000000E+02	-1.10046793E+02	1.81036877E+01	
2.82000000E+02	-1.09534532E+02	3.11992645E+01	
2.83000000E+02	-1.09171012E+02	4.53835681E+01	
2.84000000E+02	-1.08980703E+02	6.07093864E+01	
2.85000000E+02	-1.08975068E+02	7.72414008E+01	
2.86000000E+02	-1.09197262E+02	9.51451220E+01	
2.87000000E+02	-1.09667217E+02	1.14539867E+02	
2.88000000E+02	-1.10444499E+02	1.35853600E+02	
2.89000000E+02	-1.11540301E+02	1.59562611E+02	
2.90000000E+02	-1.12974475E+02	-1.73383869E+02	
2.91000000E+02	-1.14667045E+02	-1.41574451E+02	
2.92000000E+02	-1.16339332E+02	-1.03881678E+02	
2.93000000E+02	-1.17424966E+02	-6.13032173E+01	
2.94000000E+02	-1.17770734E+02	-1.84939397E+01	
2.95000000E+02	-1.17988377E+02	2.07255601E+01	
2.96000000E+02	-1.18904587E+02	5.67707150E+01	
2.97000000E+02	-1.21369463E+02	9.31138269E+01	
2.98000000E+02	-1.27440810E+02	1.40980242E+02	
2.99000000E+02	-1.29358926E+02	-8.34437572E+01	
3.00000000E+02	-1.20415399E+02	-2.54353392E+01	
3.01000000E+02	-1.16039628E+02	1.05643895E+01	
3.02000000E+02	-1.13744594E+02	4.38531537E+01	
3.03000000E+02	-1.12838158E+02	7.71250800E+01	
3.04000000E+02	-1.13159537E+02	1.11778650E+02	
3.05000000E+02	-1.14767000E+02	1.50025180E+02	
3.06000000E+02	-1.17887892E+02	-1.63162826E+02	
3.07000000E+02	-1.21397600E+02	-9.45489342E+01	
3.08000000E+02	-1.20757403E+02	-1.57312150E+01	
3.09000000E+02	-1.18985574E+02	3.93452355E+01	
3.10000000E+02	-1.19574657E+02	8.25479528E+01	
3.11000000E+02	-1.24686467E+02	1.21787909E+02	
3.12000000E+02	-1.34150755E+02	-2.21074018E+01	
3.13000000E+02	-1.19270323E+02	1.62346185E+01	
3.14000000E+02	-1.14748236E+02	5.36655086E+01	
3.15000000E+02	-1.13216938E+02	9.17153293E+01	
3.16000000E+02	-1.13915887E+02	1.30967535E+02	
3.17000000E+02	-1.17328415E+02	1.73733843E+02	
3.18000000E+02	-1.26369113E+02	-1.21971154E+02	
3.19000000E+02	-1.24443343E+02	3.00348193E+01	
3.20000000E+02	-1.19275086E+02	8.47643715E+01	
3.21000000E+02	-1.19828322E+02	1.27950495E+02	
3.22000000E+02	-1.28232681E+02	1.67780788E+02	
3.23000000E+02	-1.24923950E+02	3.34852430E+01	
3.24000000E+02	-1.16754860E+02	7.41073527E+01	
3.25000000E+02	-1.14503855E+02	1.16234698E+02	
3.26000000E+02	-1.15615877E+02	1.59950305E+02	
3.27000000E+02	-1.21311610E+02	-1.49998628E+02	
3.28000000E+02	-1.30370661E+02	1.01245469E+01	
3.29000000E+02	-1.19842754E+02	8.80890970E+01	
3.30000000E+02	-1.18672200E+02	1.33461844E+02	
3.31000000E+02	-1.24383233E+02	1.67994815E+02	
3.32000000E+02	-1.25881339E+02	7.32475954E+01	
3.33000000E+02	-1.16539766E+02	1.02334844E+02	
3.34000000E+02	-1.14224853E+02	1.44403276E+02	
3.35000000E+02	-1.15874439E+02	-1.71491476E+02	
3.36000000E+02	-1.23886195E+02	-1.26158282E+02	
3.37000000E+02	-1.26503645E+02	9.71754195E+01	
3.38000000E+02	-1.18862726E+02	1.43095100E+02	
3.39000000E+02	-1.19945457E+02	-1.72952851E+02	
3.40000000E+02	-1.34498732E+02	-1.60383783E+02	
3.41000000E+02	-1.20374565E+02	1.14130373E+02	
3.42000000E+02	-1.15606656E+02	1.57797734E+02	
3.43000000E+02	-1.16142614E+02	-1.55336694E+02	
3.44000000E+02	-1.23033680E+02	-1.06769414E+02	
3.45000000E+02	-1.27590229E+02	1.17690144E+02	
3.46000000E+02	-1.18847275E+02	1.68092536E+02	
3.47000000E+02	-1.19527093E+02	-1.41677161E+02	
3.48000000E+02	-1.33249783E+02	-7.81755969E+01	
3.49000000E+02	-1.21220193E+02	1.29317862E+02	
3.50000000E+02	-1.16473186E+02	-1.79254191E+02	
3.51000000E+02	-1.17814062E+02	-1.29572531E+02	
3.52000000E+02	-1.29244381E+02	-8.48625815E+01	
3.53000000E+02	-1.22536774E+02	1.55682654E+02	
3.54000000E+02	-1.17698113E+02	-1.55339055E+02	
3.55000000E+02	-1.20240364E+02	-1.04270369E+02	
3.56000000E+02	-1.44694697E+02	7.15845828E+01	
3.57000000E+02	-1.19357795E+02	1.71798861E+02	
3.58000000E+02	-1.16646477E+02	-1.36887691E+02	
3.59000000E+02	-1.20410386E+02	-8.74665308E+01	
3.60000000E+02	-1.34002821E+02	1.70461133E+02	
