Far field
"Plane Wave Phi"[deg]	"Magnitude [dBV]"	"Phase [deg]"	
0.00000000E+00	-1.15016305E+02	-5.92805900E+00	
1.00000000E+00	-1.14509508E+02	8.58442458E+01	
2.00000000E+00	-1.15155726E+02	1.67514676E+02	
3.00000000E+00	-1.16009039E+02	-1.24426471E+02	
4.00000000E+00	-1.18097798E+02	-7.37470538E+01	
5.00000000E+00	-1.20032613E+02	-5.31629328E+01	
6.00000000E+00	-1.22459111E+02	-6.92098308E+01	
7.00000000E+00	-1.22726968E+02	-1.29441423E+02	
8.00000000E+00	-1.21251027E+02	1.48998056E+02	
9.00000000E+00	-1.18383312E+02	3.92800696E+01	
1.00000000E+01	-1.16178354E+02	-1.03926643E+02	
1.10000000E+01	-1.14620199E+02	6.27204457E+01	
1.20000000E+01	-1.13226632E+02	-1.78821118E+02	
1.30000000E+01	-1.12394656E+02	-1.14356782E+02	
1.40000000E+01	-1.12349255E+02	-1.10741495E+02	
1.50000000E+01	-1.12575205E+02	-1.71271808E+02	
1.60000000E+01	-1.13533680E+02	5.81886456E+01	
1.70000000E+01	-1.15068152E+02	-1.39989309E+02	
1.80000000E+01	-1.17238311E+02	-4.57343114E+01	
1.90000000E+01	-1.17707565E+02	-2.71906442E+01	
2.00000000E+01	-1.15334474E+02	-1.03354473E+02	
2.10000000E+01	-1.12852312E+02	7.24088574E+01	
2.20000000E+01	-1.10855788E+02	1.41974914E+02	
2.30000000E+01	-1.09835586E+02	1.05440927E+02	
2.40000000E+01	-1.09325202E+02	-4.00134782E+01	
2.50000000E+01	-1.09551219E+02	6.36471146E+01	
2.60000000E+01	-1.10289849E+02	5.26240243E+01	
2.70000000E+01	-1.11033528E+02	-7.50993011E+01	
2.80000000E+01	-1.11251888E+02	3.48796539E+01	
2.90000000E+01	-1.10695851E+02	1.71914885E+01	
3.00000000E+01	-1.09485613E+02	-1.40281326E+02	
3.10000000E+01	-1.08137189E+02	-8.27750778E+01	
3.20000000E+01	-1.07274951E+02	-1.69978345E+02	
3.30000000E+01	-1.06665375E+02	-4.64271018E+01	
3.40000000E+01	-1.06644659E+02	-7.48808889E+01	
3.50000000E+01	-1.07111886E+02	1.02112842E+02	
3.60000000E+01	-1.07688325E+02	1.22339189E+02	
3.70000000E+01	-1.08541982E+02	-1.76499547E+01	
3.80000000E+01	-1.09081268E+02	3.87538284E+01	
3.90000000E+01	-1.09029746E+02	-7.61004313E+01	
4.00000000E+01	-1.08522141E+02	-6.30708748E+00	
4.10000000E+01	-1.07807763E+02	-1.19193746E+02	
4.20000000E+01	-1.07258370E+02	-5.71132917E+01	
4.30000000E+01	-1.06985576E+02	1.77352892E+02	
4.40000000E+01	-1.07092402E+02	-1.38265376E+02	
4.50000000E+01	-1.07514812E+02	7.31807158E+01	
4.60000000E+01	-1.08110175E+02	8.97647929E+01	
4.70000000E+01	-1.08795256E+02	-9.16369221E+01	
4.80000000E+01	-1.09466740E+02	-1.14138422E+02	
4.90000000E+01	-1.09584684E+02	1.76356317E+01	
5.00000000E+01	-1.09493550E+02	-6.29002810E+01	
5.10000000E+01	-1.09147486E+02	3.45591578E+00	
5.20000000E+01	-1.08864387E+02	-1.51464682E+02	
5.30000000E+01	-1.08895526E+02	-1.65478140E+02	
5.40000000E+01	-1.09165410E+02	-4.44186538E+01	
5.50000000E+01	-1.09806378E+02	-1.47355560E+02	
5.60000000E+01	-1.10939831E+02	-1.18962315E+02	
5.70000000E+01	-1.12270223E+02	4.15868488E+01	
5.80000000E+01	-1.13606086E+02	-2.97198045E+01	
5.90000000E+01	-1.14996032E+02	2.73629794E+01	
6.00000000E+01	-1.16190348E+02	-1.51403016E+02	
6.10000000E+01	-1.16182461E+02	1.51544127E+02	
6.20000000E+01	-1.15972678E+02	-1.56761093E+02	
6.30000000E+01	-1.15411212E+02	8.78151088E+00	
6.40000000E+01	-1.15392682E+02	-7.93690257E+01	
6.50000000E+01	-1.15267533E+02	-5.75459367E+01	
6.60000000E+01	-1.15577969E+02	6.93173016E+01	
6.70000000E+01	-1.16767097E+02	-6.00356069E+01	
6.80000000E+01	-1.18811767E+02	-8.35311975E+01	
6.90000000E+01	-1.21582781E+02	-1.50204573E+01	
7.00000000E+01	-1.26156208E+02	1.51271136E+02	
7.10000000E+01	-1.29892461E+02	1.67477964E+01	
7.20000000E+01	-1.25994987E+02	-2.17364312E+01	
7.30000000E+01	-1.21798744E+02	8.00028914E+01	
7.40000000E+01	-1.19257460E+02	-7.95475109E+01	
7.50000000E+01	-1.18317175E+02	-1.37493822E+02	
7.60000000E+01	-1.16998148E+02	-1.05480104E+02	
7.70000000E+01	-1.16805657E+02	2.20134235E+01	
7.80000000E+01	-1.16236446E+02	-1.16011901E+02	
7.90000000E+01	-1.15602745E+02	-1.66603154E+02	
8.00000000E+01	-1.15207684E+02	-1.28116307E+02	
8.10000000E+01	-1.13820594E+02	-4.87694110E+00	
8.20000000E+01	-1.12856135E+02	-1.57573156E+02	
8.30000000E+01	-1.11619799E+02	1.31032128E+02	
8.40000000E+01	-1.10658478E+02	1.44948687E+02	
8.50000000E+01	-1.10099340E+02	-1.18423899E+02	
8.60000000E+01	-1.09453679E+02	5.86315008E+01	
8.70000000E+01	-1.09170200E+02	-3.88959896E+01	
8.80000000E+01	-1.08878057E+02	-5.53583560E+01	
8.90000000E+01	-1.08805033E+02	1.19160306E+01	
9.00000000E+01	-1.08445215E+02	1.61167863E+02	
9.10000000E+01	-1.08258032E+02	3.19864030E+01	
9.20000000E+01	-1.08008474E+02	-1.41879252E+01	
9.30000000E+01	-1.07563416E+02	1.93614041E+01	
9.40000000E+01	-1.07232293E+02	1.35648008E+02	
9.50000000E+01	-1.06951190E+02	-2.76467149E+01	
9.60000000E+01	-1.06768253E+02	-1.07528978E+02	
9.70000000E+01	-1.06738347E+02	-1.05372222E+02	
9.80000000E+01	-1.06954758E+02	-1.97524500E+01	
9.90000000E+01	-1.07248425E+02	1.50335111E+02	
1.00000000E+02	-1.07702486E+02	4.54487041E+01	
1.01000000E+02	-1.08464128E+02	2.66998308E+01	
1.02000000E+02	-1.09394402E+02	9.56285933E+01	
1.03000000E+02	-1.10898512E+02	-1.07443888E+02	
1.04000000E+02	-1.12467634E+02	1.41044777E+02	
1.05000000E+02	-1.14596506E+02	1.21038611E+02	
1.06000000E+02	-1.17427276E+02	-1.60875016E+02	
1.07000000E+02	-1.19864209E+02	1.94166219E+01	
1.08000000E+02	-1.21012673E+02	-5.70886451E+01	
1.09000000E+02	-1.20334286E+02	-3.81417714E+01	
1.10000000E+02	-1.18076296E+02	6.27507607E+01	
1.11000000E+02	-1.16030054E+02	-1.01945455E+02	
1.12000000E+02	-1.14871202E+02	-1.71442417E+02	
1.13000000E+02	-1.14373925E+02	-1.38685887E+02	
1.14000000E+02	-1.13876387E+02	-3.46374115E+00	
1.15000000E+02	-1.14081210E+02	-1.21237702E+02	
1.16000000E+02	-1.14603319E+02	-1.34333238E+02	
1.17000000E+02	-1.15335131E+02	-3.65465215E+01	
1.18000000E+02	-1.16806328E+02	1.76672944E+02	
1.19000000E+02	-1.17890705E+02	1.47430980E+02	
1.20000000E+02	-1.20272605E+02	-1.30006034E+02	
1.21000000E+02	-1.22404962E+02	7.54879167E+01	
1.22000000E+02	-1.26133814E+02	4.48366481E+01	
1.23000000E+02	-1.30134129E+02	1.49010862E+02	
1.24000000E+02	-1.42579564E+02	1.87288922E+01	
1.25000000E+02	-1.36453858E+02	1.15315201E+02	
1.26000000E+02	-1.30609582E+02	-9.03494036E+01	
1.27000000E+02	-1.26922737E+02	1.67155210E+02	
1.28000000E+02	-1.23740591E+02	-1.62112248E+02	
1.29000000E+02	-1.21599888E+02	9.16442525E+00	
1.30000000E+02	-1.19067075E+02	-3.52403049E+01	
1.31000000E+02	-1.17553017E+02	5.95246812E+01	
1.32000000E+02	-1.15804612E+02	-5.52766406E+01	
1.33000000E+02	-1.14319256E+02	-1.80143158E+01	
1.34000000E+02	-1.12947622E+02	1.74673024E+02	
1.35000000E+02	-1.11611567E+02	1.67303581E+02	
1.36000000E+02	-1.10265279E+02	-3.64582027E+01	
1.37000000E+02	-1.09141331E+02	-7.14418270E+01	
1.38000000E+02	-1.08138330E+02	6.44660358E+01	
1.39000000E+02	-1.07358598E+02	1.49163205E+01	
1.40000000E+02	-1.06647465E+02	1.44882465E+02	
1.41000000E+02	-1.06607734E+02	9.57219669E+01	
1.42000000E+02	-1.06677672E+02	-1.27695019E+02	
1.43000000E+02	-1.07158351E+02	-1.62296136E+02	
1.44000000E+02	-1.08358659E+02	-3.53177266E+00	
1.45000000E+02	-1.10012225E+02	-1.14033974E+01	
1.46000000E+02	-1.13366361E+02	-1.77661591E+02	
1.47000000E+02	-1.18601006E+02	-1.51479371E+02	
1.48000000E+02	-1.24008803E+02	1.83707504E+01	
1.49000000E+02	-1.15475870E+02	7.27347929E+01	
1.50000000E+02	-1.10999385E+02	2.25273991E+01	
1.51000000E+02	-1.08030341E+02	-1.59268551E+02	
1.52000000E+02	-1.05817673E+02	-1.16509641E+02	
1.53000000E+02	-1.04738111E+02	1.58541120E+02	
1.54000000E+02	-1.04053378E+02	-5.39256576E+01	
1.55000000E+02	-1.03984284E+02	-2.83878196E+01	
1.56000000E+02	-1.04518502E+02	-1.19669610E+02	
1.57000000E+02	-1.05832698E+02	3.46749618E+01	
1.58000000E+02	-1.08071391E+02	8.08773198E+01	
1.59000000E+02	-1.12145824E+02	1.97498839E+01	
1.60000000E+02	-1.21698051E+02	-1.48509158E+02	
1.61000000E+02	-1.21272553E+02	1.61814755E+02	
1.62000000E+02	-1.12072715E+02	1.73425078E+02	
1.63000000E+02	-1.08434430E+02	1.03552204E+02	
1.64000000E+02	-1.06344068E+02	-4.80881920E+01	
1.65000000E+02	-1.05287339E+02	8.22909033E+01	
1.66000000E+02	-1.04916829E+02	1.42106093E+02	
1.67000000E+02	-1.05236895E+02	1.34119331E+02	
1.68000000E+02	-1.06210051E+02	6.25525466E+01	
1.69000000E+02	-1.07995934E+02	-6.57753022E+01	
1.70000000E+02	-1.10349511E+02	1.11287320E+02	
1.71000000E+02	-1.14414683E+02	-1.19835702E+02	
1.72000000E+02	-1.20639913E+02	-3.39723861E+01	
1.73000000E+02	-1.37363270E+02	1.30583509E+02	
1.74000000E+02	-1.19830983E+02	-1.64024211E+02	
1.75000000E+02	-1.15913482E+02	1.76013917E+02	
1.76000000E+02	-1.13303126E+02	1.35494358E+02	
1.77000000E+02	-1.12190006E+02	7.09768564E+01	
1.78000000E+02	-1.11365103E+02	-2.48124793E+00	
1.79000000E+02	-1.11135015E+02	-8.72775829E+01	
1.80000000E+02	-1.10998602E+02	-1.77020265E+02	
1.81000000E+02	-1.11228408E+02	9.99669843E+01	
1.82000000E+02	-1.11926105E+02	1.92777816E+01	
1.83000000E+02	-1.13189581E+02	-5.05301120E+01	
1.84000000E+02	-1.14925489E+02	-9.90259271E+01	
1.85000000E+02	-1.17476223E+02	-1.21767549E+02	
1.86000000E+02	-1.21062582E+02	-1.13592810E+02	
1.87000000E+02	-1.22112065E+02	-5.54319180E+01	
1.88000000E+02	-1.18743758E+02	4.57733385E+01	
1.89000000E+02	-1.15522793E+02	1.59974850E+02	
1.90000000E+02	-1.12434988E+02	-6.31413571E+01	
1.91000000E+02	-1.10298389E+02	1.26031832E+02	
1.92000000E+02	-1.08875146E+02	4.95912609E+00	
1.93000000E+02	-1.07617952E+02	-6.11931006E+01	
1.94000000E+02	-1.07163801E+02	-6.43508857E+01	
1.95000000E+02	-1.07196558E+02	-1.00096630E+00	
1.96000000E+02	-1.07671910E+02	1.33259806E+02	
1.97000000E+02	-1.08951823E+02	-1.48315969E+01	
1.98000000E+02	-1.11451609E+02	-8.29203991E+01	
1.99000000E+02	-1.15403252E+02	-6.08294395E+01	
2.00000000E+02	-1.23321307E+02	7.61844546E+01	
2.01000000E+02	-1.20631652E+02	1.73910591E+01	
2.02000000E+02	-1.14573147E+02	-2.61412862E+01	
2.03000000E+02	-1.11082036E+02	1.98521855E+01	
2.04000000E+02	-1.08955594E+02	1.74984236E+02	
2.05000000E+02	-1.07743465E+02	7.81917036E+01	
2.06000000E+02	-1.07317746E+02	9.83122355E+01	
2.07000000E+02	-1.07413297E+02	-1.19663788E+02	
2.08000000E+02	-1.07888150E+02	1.44928391E+02	
2.09000000E+02	-1.08829984E+02	-1.77159965E+02	
2.10000000E+02	-1.10080439E+02	-1.06209222E+01	
2.11000000E+02	-1.11990106E+02	-6.66908060E+01	
2.12000000E+02	-1.14537604E+02	1.95450133E+01	
2.13000000E+02	-1.18075526E+02	-1.15256326E+02	
2.14000000E+02	-1.21731860E+02	-1.15099662E+02	
2.15000000E+02	-1.21667998E+02	2.28153311E+01	
2.16000000E+02	-1.17095609E+02	-2.87905632E+01	
2.17000000E+02	-1.13814356E+02	1.09277558E+02	
2.18000000E+02	-1.10964812E+02	6.26824797E+01	
2.19000000E+02	-1.09042622E+02	-1.70752870E+02	
2.20000000E+02	-1.07662696E+02	1.32803343E+02	
2.21000000E+02	-1.06730629E+02	-1.04826604E+02	
2.22000000E+02	-1.06221729E+02	-1.57831956E+02	
2.23000000E+02	-1.06203809E+02	-2.44329568E+01	
2.24000000E+02	-1.06536093E+02	-6.02097959E+01	
2.25000000E+02	-1.07396291E+02	9.62551665E+01	
2.26000000E+02	-1.08565824E+02	9.09343194E+01	
2.27000000E+02	-1.10197693E+02	-7.47105702E+01	
2.28000000E+02	-1.12442153E+02	-3.40378904E+01	
2.29000000E+02	-1.16261260E+02	-1.45688546E+02	
2.30000000E+02	-1.21192737E+02	-3.94825358E+01	
2.31000000E+02	-1.26289658E+02	-3.65281731E+01	
2.32000000E+02	-1.24399704E+02	1.72452705E+02	
2.33000000E+02	-1.20987656E+02	-1.47104665E+02	
2.34000000E+02	-1.19341179E+02	9.84468251E+01	
2.35000000E+02	-1.18488510E+02	-1.46522646E+02	
2.36000000E+02	-1.18776882E+02	-1.67301977E+02	
2.37000000E+02	-1.19418824E+02	3.46069428E+01	
2.38000000E+02	-1.20152356E+02	1.10500833E+02	
2.39000000E+02	-1.21025578E+02	6.11701963E+01	
2.40000000E+02	-1.23064547E+02	-1.10764697E+02	
2.41000000E+02	-1.24381389E+02	-4.01416038E+01	
2.42000000E+02	-1.25003673E+02	-8.65268016E+01	
2.43000000E+02	-1.24755644E+02	1.23504306E+02	
2.44000000E+02	-1.24112871E+02	-1.49962088E+02	
2.45000000E+02	-1.23325503E+02	-1.58989301E+02	
2.46000000E+02	-1.22579311E+02	7.23876660E+01	
2.47000000E+02	-1.22418095E+02	-1.66463731E+02	
2.48000000E+02	-1.23388600E+02	-1.44336045E+02	
2.49000000E+02	-1.23673029E+02	1.33896431E+02	
2.50000000E+02	-1.24480658E+02	-5.78982196E+01	
2.51000000E+02	-1.26067188E+02	-7.99018479E+00	
2.52000000E+02	-1.26035258E+02	-7.07760596E+01	
2.53000000E+02	-1.21563948E+02	1.52757740E+02	
2.54000000E+02	-1.18171124E+02	-6.61410579E+01	
2.55000000E+02	-1.15683739E+02	-1.15849982E+01	
2.56000000E+02	-1.13198050E+02	-4.63939722E+01	
2.57000000E+02	-1.11585498E+02	-1.70203630E+02	
2.58000000E+02	-1.10341598E+02	-2.28333194E+01	
2.59000000E+02	-1.09503778E+02	3.65677187E+01	
2.60000000E+02	-1.08728911E+02	8.20830531E+00	
2.61000000E+02	-1.08298083E+02	-1.07874987E+02	
2.62000000E+02	-1.08165666E+02	5.26773172E+01	
2.63000000E+02	-1.08169630E+02	1.27347128E+02	
2.64000000E+02	-1.08329274E+02	1.15795111E+02	
2.65000000E+02	-1.08663640E+02	2.09053685E+01	
2.66000000E+02	-1.08918773E+02	-1.58885203E+02	
2.67000000E+02	-1.09255227E+02	-6.17205534E+01	
2.68000000E+02	-1.09512269E+02	-4.76868209E+01	
2.69000000E+02	-1.09771106E+02	-1.15684579E+02	
2.70000000E+02	-1.09935253E+02	9.30676430E+01	
2.71000000E+02	-1.10085049E+02	-1.38516163E+02	
2.72000000E+02	-1.10150130E+02	-9.26155327E+01	
2.73000000E+02	-1.10492137E+02	-1.27693352E+02	
2.74000000E+02	-1.10818004E+02	1.15158460E+02	
2.75000000E+02	-1.11394732E+02	-8.43433999E+01	
2.76000000E+02	-1.11952497E+02	-1.00767239E+01	
2.77000000E+02	-1.12581999E+02	-1.57442250E+01	
2.78000000E+02	-1.13173002E+02	-1.09755886E+02	
2.79000000E+02	-1.14132085E+02	7.23763415E+01	
2.80000000E+02	-1.14777767E+02	1.69115161E+02	
2.81000000E+02	-1.15488201E+02	-1.77151400E+02	
2.82000000E+02	-1.16729547E+02	1.07991249E+02	
2.83000000E+02	-1.17410156E+02	-5.26621667E+01	
2.84000000E+02	-1.19044727E+02	5.96845109E+01	
2.85000000E+02	-1.20961465E+02	8.58900293E+01	
2.86000000E+02	-1.23579363E+02	3.24979267E+01	
2.87000000E+02	-1.26920882E+02	-9.92104380E+01	
2.88000000E+02	-1.24947152E+02	5.12170371E+01	
2.89000000E+02	-1.21811809E+02	8.15582863E+01	
2.90000000E+02	-1.19499988E+02	2.52252955E+00	
2.91000000E+02	-1.17420567E+02	-1.79850963E+02	
2.92000000E+02	-1.16108096E+02	-1.03546381E+02	
2.93000000E+02	-1.15142813E+02	-1.34616752E+02	
2.94000000E+02	-1.14674739E+02	8.99025820E+01	
2.95000000E+02	-1.14599741E+02	-1.55166617E+02	
2.96000000E+02	-1.14292991E+02	-1.48749367E+02	
2.97000000E+02	-1.14603811E+02	1.06441276E+02	
2.98000000E+02	-1.14041934E+02	-1.12224308E+02	
2.99000000E+02	-1.13736122E+02	-8.73483623E+01	
3.00000000E+02	-1.13057210E+02	-1.75425446E+02	
3.01000000E+02	-1.12570589E+02	-2.28527894E+01	
3.02000000E+02	-1.12254642E+02	1.01238966E+01	
3.03000000E+02	-1.12131787E+02	-8.04492711E+01	
3.04000000E+02	-1.12068820E+02	6.19008767E+01	
3.05000000E+02	-1.12504089E+02	7.47534348E+01	
3.06000000E+02	-1.13188728E+02	-4.58633029E+01	
3.07000000E+02	-1.13924498E+02	5.62214772E+01	
3.08000000E+02	-1.14843020E+02	2.03314269E+01	
3.09000000E+02	-1.14873529E+02	-1.59062562E+02	
3.10000000E+02	-1.14772601E+02	-1.24879837E+02	
3.11000000E+02	-1.14239114E+02	1.29325873E+02	
3.12000000E+02	-1.13438060E+02	-1.26765496E+02	
3.13000000E+02	-1.12862044E+02	-1.71168133E+02	
3.14000000E+02	-1.12522839E+02	-1.04958101E+01	
3.15000000E+02	-1.12342578E+02	-8.53750164E+00	
3.16000000E+02	-1.12527448E+02	-1.70763426E+02	
3.17000000E+02	-1.13035597E+02	-1.40195360E+02	
3.18000000E+02	-1.13921871E+02	7.86285574E+01	
3.19000000E+02	-1.15131419E+02	1.20610226E+02	
3.20000000E+02	-1.16278372E+02	-2.40959181E+01	
3.21000000E+02	-1.16931533E+02	2.35741455E+00	
3.22000000E+02	-1.15784197E+02	-1.60786003E+02	
3.23000000E+02	-1.13522898E+02	-1.42917652E+02	
3.24000000E+02	-1.11380143E+02	5.01054877E+01	
3.25000000E+02	-1.10003952E+02	4.83015846E+01	
3.26000000E+02	-1.08926104E+02	-1.51148141E+02	
3.27000000E+02	-1.08367550E+02	1.63686449E+02	
3.28000000E+02	-1.08351259E+02	-9.02447367E+01	
3.29000000E+02	-1.08874061E+02	1.61243613E+02	
3.30000000E+02	-1.09685004E+02	-1.67512842E+02	
3.31000000E+02	-1.10584150E+02	-2.22576988E+00	
3.32000000E+02	-1.11092700E+02	-6.53489273E+01	
3.33000000E+02	-1.10707774E+02	6.72746732E-01	
3.34000000E+02	-1.09936325E+02	-1.62995104E+02	
3.35000000E+02	-1.09057437E+02	1.59033872E+02	
3.36000000E+02	-1.08708933E+02	-1.19255570E+02	
3.37000000E+02	-1.08777050E+02	7.74633815E+01	
3.38000000E+02	-1.09539144E+02	2.19190790E+01	
3.39000000E+02	-1.10920774E+02	6.78549276E+01	
3.40000000E+02	-1.12622611E+02	-1.52054944E+02	
3.41000000E+02	-1.14075100E+02	7.51805803E+01	
3.42000000E+02	-1.13296214E+02	3.21524723E+01	
3.43000000E+02	-1.12059511E+02	8.18209764E+01	
3.44000000E+02	-1.10834988E+02	-1.37971102E+02	
3.45000000E+02	-1.10565680E+02	8.31147067E+01	
3.46000000E+02	-1.10617412E+02	2.02595833E+01	
3.47000000E+02	-1.11565824E+02	2.88183377E+01	
3.48000000E+02	-1.13435222E+02	1.02035508E+02	
3.49000000E+02	-1.16935224E+02	-1.20998442E+02	
3.50000000E+02	-1.20504124E+02	8.93550482E+01	
3.51000000E+02	-1.22302282E+02	3.96211961E+00	
3.52000000E+02	-1.18689624E+02	-4.80885365E+01	
3.53000000E+02	-1.16771899E+02	-8.05048329E+01	
3.54000000E+02	-1.15814565E+02	-8.44310395E+01	
3.55000000E+02	-1.15746430E+02	-5.96093547E+01	
3.56000000E+02	-1.16081331E+02	-7.28587282E+00	
3.57000000E+02	-1.16588347E+02	6.92823238E+01	
3.58000000E+02	-1.16532082E+02	1.59184823E+02	
3.59000000E+02	-1.15617708E+02	-1.03675824E+02	
3.60000000E+02	-1.15016305E+02	-5.92805900E+00	
